451880;5884978;-9.057
451880;5884978;-9.057
451880;5884978;-9.057
451880;5884978;-9.057
451880;5884978;-9.057
451880;5884978;-9.057
451880;5884978;-9.057
451880;5884978;-9.057
451880;5884978;-9.057
451882.0;5884978.0;-9.49
451884.5;5884978.0;-10.066
451887.0;5884978.0;-10.4535
451889.5;5884978.0;-10.9275
451891.5;5884978.0;-11.482
451894.0;5884978.0;-12.31
451896.0;5884978.0;-12.731
451897.5;5884978.0;-12.7045
451900.0;5884978.0;-12.627
451901.5;5884978.0;-12.881499999999999
451905.0;5884978.0;-13.736
451906.5;5884978.0;-14.058
451909.0;5884978.0;-14.31
451911.5;5884978.0;-14.5375
451913.5;5884978.0;-14.7935
451916.0;5884978.0;-14.989
451918.0;5884978.0;-15.365
451920.0;5884978.0;-15.282
451922.5;5884978.0;-15.688
451924.5;5884978.0;-14.959
451927.0;5884978.0;-15.0415
451928.5;5884978.0;-15.074
451930.5;5884978.0;-15.138
451932.5;5884978.0;-15.143
451934.0;5884978.0;-15.17
451937.0;5884978.0;-15.271999999999998
451939.0;5884978.0;-15.346
451940.0;5884978.0;-15.383
451943.0;5884978.0;-15.626999999999999
451945.0;5884978.0;-15.7705
451947.0;5884978.0;-15.9395
451949.0;5884978.0;-16.351
451951.0;5884978.0;-16.7085
451953.5;5884978.0;-16.975
451955.0;5884978.0;-17.195
451958.0;5884978.0;-17.443
451959.5;5884978.0;-17.5135
451962.5;5884978.0;-17.763
451964.5;5884978.0;-17.774
451966.5;5884978.0;-18.128
451968.5;5884978.0;-17.909
451971.0;5884978.0;-17.878500000000003
451973.0;5884978.0;-17.9035
451975.0;5884978.0;-17.93
451976.5;5884978.0;-17.943
451979.0;5884978.0;-17.968
451981.5;5884978.0;-17.9345
451982.5;5884978.0;-17.902
451985.5;5884978.0;-17.872
451987.5;5884978.0;-17.860999999999997
451989.5;5884978.0;-17.7715
451992.0;5884978.0;-17.556
451993.0;5884978.0;-17.548000000000002
451995.5;5884978.0;-17.414
451998.0;5884978.0;-17.037
452000.5;5884978.0;-16.875
452002.0;5884978.0;-16.932
452005.0;5884978.0;-16.993
452005.5;5884978.0;-16.993
452009.5;5884978.0;-16.933
452011.5;5884978.0;-16.887999999999998
452014.0;5884978.0;-16.293
452016.0;5884978.0;-15.782
452018.0;5884978.0;-15.259
452020.5;5884978.0;-14.721
452022.5;5884978.0;-14.517
452025.0;5884978.0;-13.841999999999999
452027.5;5884978.0;-13.6715
452029.0;5884978.0;-13.501000000000001
452031.5;5884978.0;-13.3305
452034.0;5884978.0;-13.075
452036.5;5884978.0;-12.905
452038.5;5884978.0;-12.734
452039.0;5884978.0;-12.558499999999999
452042.5;5884978.0;-12.07
452045.0;5884978.0;-11.5165
452046.5;5884978.0;-11.341
452049.0;5884978.0;-10.511500000000002
452048.5;5884978.0;-10.688
452048.0;5884978.0;-10.688
452045.0;5884978.0;-11.5165
452043.0;5884978.0;-11.881
452041.0;5884978.0;-12.2265
452038.5;5884978.0;-12.734
452036.0;5884978.0;-12.905
452034.5;5884978.0;-13.075
452032.0;5884978.0;-13.245
452030.0;5884978.0;-13.416
452027.5;5884978.0;-13.6715
452025.0;5884978.0;-13.841999999999999
452023.5;5884978.0;-14.222
452021.0;5884978.0;-14.619
452019.0;5884978.0;-14.99
452017.0;5884978.0;-15.5205
452014.5;5884978.0;-16.293
452012.5;5884978.0;-16.875
452010.0;5884978.0;-16.901
452008.5;5884978.0;-16.965
452007.0;5884978.0;-16.9805
452004.5;5884978.0;-16.99
452002.0;5884978.0;-16.932
451999.5;5884978.0;-16.956
451997.5;5884978.0;-17.1625
451995.5;5884978.0;-17.414
451993.5;5884978.0;-17.548000000000002
451990.5;5884978.0;-17.689
451990.0;5884978.0;-17.689
451987.0;5884978.0;-17.860999999999997
451984.5;5884978.0;-17.876
451982.5;5884978.0;-17.902
451982.0;5884978.0;-17.902
451978.5;5884978.0;-17.969
451976.0;5884978.0;-17.943
451973.5;5884978.0;-17.9035
451973.5;5884978.0;-17.9035
451970.0;5884978.0;-17.867
451967.0;5884978.0;-18.0185
451966.0;5884978.0;-18.128
451965.2924561246;5884978.706669416;-17.88
451963.5235964361;5884980.473342958;-17.782
451961.4009648099;5884982.593351208;-17.47625
451959.98587705905;5884984.006690041;-17.433
451959.27833318367;5884984.713359457;-17.25475
451957.15570155747;5884986.833367708;-16.9655
451955.74061380664;5884988.246706541;-16.864
451953.97175411816;5884990.013380082;-16.726
451952.2028944296;5884991.780053624;-16.664
451950.7878066788;5884993.193392457;-16.576500000000003
451949.7264908657;5884994.253396582;-16.5
451949.0189469903;5884994.960065999;-16.369999999999997
451946.5425434264;5884997.433408957;-16.09575
451944.7736837379;5884999.200082499;-15.643
451943.3585959871;5885000.613421332;-15.376249999999999
451941.94350823626;5885002.026760165;-15.342
451940.1746485478;5885003.793433706;-15.3
451939.1133327347;5885004.853437832;-15.290750000000001
451936.9907011085;5885006.973446081;-15.2155
451935.57561335765;5885008.386784915;-15.182
451934.1605256068;5885009.800123747;-15.074
451933.8067536691;5885010.153458456;-15.074
451931.33035010524;5885012.626801414;-14.6525
451929.5614904167;5885014.393474956;-14.538
451928.1464026659;5885015.806813789;-14.298
451926.3775429774;5885017.57348733;-14.007
451924.60868328885;5885019.340160872;-13.8905
451923.1935955381;5885020.753499705;-13.61675
451922.132279725;5885021.81350383;-13.416
451920.36342003645;5885023.580177371;-12.907
451918.59456034796;5885025.346850913;-12.41125
451917.53324453486;5885026.406855038;-12.031
451917.8865865999;5885026.0530904485;-12.031
451919.65329692524;5885024.284267499;-12.907
451920.3599810554;5885023.576738319;-12.907
451922.8333755108;5885021.10038619;-13.61675
451924.24674377113;5885019.685327831;-13.762
451926.01345409645;5885017.916504881;-14.007
451927.4268223567;5885016.501446522;-14.143
451928.4868485519;5885015.440152752;-14.363
451929.90021681215;5885014.025094393;-14.538
451930.96024300734;5885012.963800623;-14.6525
451933.0802953977;5885010.841213084;-14.939
451934.84700572304;5885009.072390134;-15.121
451936.6137160484;5885007.303567185;-15.2155
451937.6737422436;5885006.242273415;-15.257
451939.793794634;5885004.119685876;-15.3
451940.8538208292;5885003.058392106;-15.32975
451942.6205311545;5885001.289569156;-15.376249999999999
451944.03389941476;5884999.874510797;-15.405
451944.3872414798;5884999.520746207;-15.405
451944.3872414798;5884999.520746207;-15.405
451948.62734626065;5884995.275571128;-16.369999999999997
451950.39405658597;5884993.506748179;-16.5
451950.39405658597;5884993.506748179;-16.5
451952.1607669113;5884991.73792523;-16.664
451954.9875034318;5884988.907808511;-16.795
451956.40087169205;5884987.492750151;-16.868000000000002
451958.16758201737;5884985.723927202;-17.078
451959.5809502776;5884984.308868842;-17.433
451961.347660603;5884982.540045893;-17.47625
451961.347660603;5884982.540045893;-17.47625
451964.5277391886;5884979.356164584;-17.88
451965.94110744883;5884977.941106224;-18.128
451967.3544757091;5884976.526047865;-17.97675
451967.3544757091;5884976.526047865;-17.97675
451969.1211860344;5884974.757224916;-17.912
451971.9479225549;5884971.927108197;-17.919
451973.3612908152;5884970.512049837;-17.919
451975.12800114055;5884968.743226888;-17.92025
451976.5413694008;5884967.328168528;-17.925250000000002
451977.95473766106;5884965.913110169;-17.92
451979.01476385625;5884964.851816399;-17.9035
451981.13481624663;5884962.72922886;-17.846
451981.84150037676;5884962.02169968;-17.813
451983.96155276714;5884959.899112141;-17.778
451985.7282630925;5884958.13028919;-17.712
451987.1416313528;5884956.715230831;-17.63525
451988.20165754796;5884955.653937061;-17.584
451989.9683678733;5884953.885114112;-17.356
451991.7350781986;5884952.116291163;-16.487
451993.14844645886;5884950.701232803;-15.96675
451994.9151567842;5884948.932409854;-15.45225
451995.26849884924;5884948.578645264;-15.45225
451997.74189330474;5884946.102293135;-14.445
451998.80191949994;5884945.040999365;-14.42225
452000.56862982525;5884943.272176416;-14.31675
452002.3353401506;5884941.503353466;-14.246
452003.7487084108;5884940.088295107;-14.156
452005.1620766711;5884938.673236747;-14.09825
452006.57544493134;5884937.258178388;-13.94575
452008.34215525666;5884935.489355438;-13.861
452009.755523517;5884934.074297079;-13.809
452009.755523517;5884934.074297079;-13.809
452012.5822600375;5884931.24418036;-13.454
452014.3489703628;5884929.4753574105;-13.205
452015.408996558;5884928.414063641;-13.011
452017.1757068833;5884926.6452406915;-12.46475
452018.94241720863;5884924.876417742;-11.398499999999999
452020.3557854689;5884923.461359383;-10.83
452022.12249579426;5884921.692536433;-10.076
452023.5358640545;5884920.277478074;-9.555
452024.9492323148;5884918.862419714;-9.22975
452026.00925850996;5884917.801125945;-8.904
452028.12931090035;5884915.678538405;-8.168
452029.5426791606;5884914.263480046;-7.552
452031.662731551;5884912.140892506;-6.797
452032.01607361605;5884911.787127916;-6.797
452030.5855613723;5884913.184852753;-7.0995
452028.7974210676;5884914.932008799;-7.8445
452027.72453688475;5884915.980302427;-8.168
452025.9363965801;5884917.727458474;-8.904
452025.5787685191;5884918.0768896835;-8.904
452023.07537209254;5884920.522908148;-9.81525
452021.28723178786;5884922.270064195;-10.3995
452019.8567195441;5884923.667789032;-10.937
452018.42620730033;5884925.065513869;-11.738
452016.99569505657;5884926.463238706;-12.2265
452015.5651828128;5884927.860963543;-12.93
452014.13467056904;5884929.25868838;-13.205
452012.7041583253;5884930.656413218;-13.454
452011.6312741425;5884931.704706846;-13.609
452009.8431338378;5884933.451862892;-13.768
452008.05499353306;5884935.1990189385;-13.861
452006.2668532284;5884936.946174985;-13.9755
452004.8363409846;5884938.343899822;-14.0375
452003.04820067994;5884940.091055868;-14.1525
452001.6176884362;5884941.488780706;-14.1975
452000.9024323143;5884942.187643125;-14.2405
451998.75666394865;5884944.28423038;-14.356000000000002
451996.96852364397;5884946.031386427;-14.4275
451995.5380114002;5884947.429111264;-14.6495
451994.46512721735;5884948.4774048915;-15.503
451992.6769869127;5884950.224560938;-15.572
451990.888846608;5884951.971716984;-16.65
451989.45833436423;5884953.369441822;-17.24625
451987.6701940595;5884955.1165978685;-17.555999999999997
451986.2396818157;5884956.514322706;-17.686
451984.80916957196;5884957.912047543;-17.759
451983.0210292673;5884959.659203589;-17.8095
451981.5905170235;5884961.056928426;-17.826999999999998
451980.5176328407;5884962.105222054;-17.8445
451978.3718644751;5884964.201809309;-17.911
451977.2989802923;5884965.250102938;-17.90425
451976.2260961094;5884966.298396566;-17.913
451976.2260961094;5884966.298396566;-17.913
451976.2260961094;5884966.298396566;-17.913
451971.2193032563;5884971.190433496;-17.904
451969.78879101254;5884972.588158333;-17.89
451968.7159068297;5884973.636451961;-17.872
451967.6430226469;5884974.684745588;-17.945999999999998
451965.85488234216;5884976.431901635;-17.838
451965.8540805299;5884977.431901313;-17.983
451965.8524769054;5884979.431900671;-17.982
451965.8540805299;5884977.431901313;-17.983
451965.8500714686;5884982.431899706;-17.816
451965.8472651258;5884985.931898581;-17.802
451965.8456615012;5884987.931897938;-17.795
451965.8436569706;5884990.4318971345;-17.787
451965.84245425224;5884991.931896652;-17.78
451965.8404497216;5884994.431895848;-17.782
451965.838445191;5884996.931895045;-17.8755
451965.83724247257;5884998.431894563;-17.822
451965.83523794194;5885000.931893759;-17.7015
451965.8332334113;5885003.431892956;-17.741
451965.8316297868;5885005.431892312;-17.7325
451965.8296252562;5885007.931891509;-17.643
451965.82842253783;5885009.431891027;-17.576999999999998
451965.8264180072;5885011.931890223;-17.38
451965.82441347657;5885014.431889419;-17.286
451965.82321075816;5885015.931888937;-17.222
451965.8212062275;5885018.431888133;-17.158
451965.8200035092;5885019.931887652;-17.093
451965.8192185077;5885018.93188796;-17.125500000000002
451965.8176485046;5885016.931888577;-17.19
451965.8176485046;5885016.931888577;-17.19
451965.81490099936;5885013.431889654;-17.333
451965.8133309963;5885011.431890271;-17.4455
451965.81136849255;5885008.931891041;-17.576999999999998
451965.810583491;5885007.931891349;-17.643
451965.8086209872;5885005.431892119;-17.7325
451965.80705098424;5885003.431892736;-17.741
451965.8050884804;5885000.931893506;-17.7015
451965.80312597664;5884998.431894276;-17.822
451965.80155597365;5884996.431894893;-17.929
451965.8003784714;5884994.931895355;-17.8555
451965.79841596755;5884992.431896125;-17.78
451965.796060963;5884989.431897049;-17.791
451965.79449096;5884987.431897665;-17.7985
451965.79292095697;5884985.431898282;-17.805500000000002
451965.7909584532;5884982.931899052;-17.8125
451965.78978095093;5884981.431899514;-17.826
451965.78781844716;5884978.931900284;-17.982
451965.78781844716;5884978.931900284;-17.982
451965.7846784411;5884974.931901517;-17.843
451965.7827159373;5884972.4319022875;-17.84
451965.78075343353;5884969.931903058;-17.886
451965.77918343054;5884967.931903673;-17.817
451965.7776134275;5884965.93190429;-17.824
451965.77604342444;5884963.931904906;-17.946
451965.77525842295;5884962.931905215;-17.963
451965.77525842295;5884962.931905215;-17.963
451965.7713334154;5884957.931906755;-17.74
451965.77015591314;5884956.431907217;-17.727
451965.7681934093;5884953.931907987;-17.636
451965.76623090554;5884951.431908757;-17.685499999999998
451965.76466090255;5884949.431909374;-17.634
451965.7634834003;5884947.931909836;-17.582
451965.76152089646;5884945.431910606;-17.258
451965.7595583927;5884942.931911376;-17.2945
451965.7575958889;5884940.4319121465;-17.218
451965.7568108874;5884939.431912455;-17.281
451965.7540633821;5884935.931913533;-17.146
451965.75288587983;5884934.431913995;-17.405
451965.7505308753;5884931.43191492;-17.3485
451965.7485683715;5884928.93191569;-15.894499999999999
451965.74739086925;5884927.431916152;-15.4235
451965.7454283655;5884924.931916922;-15.4955
451965.74346586165;5884922.431917693;-14.851
451965.7415033579;5884919.931918463;-14.666
451965.7403258556;5884918.431918926;-14.421
451965.73914835334;5884916.931919388;-14.3655
451965.7371858496;5884914.431920158;-14.064
451965.7352233458;5884911.931920928;-14.312
451965.73326084204;5884909.431921698;-14.6035
451965.73208333977;5884907.93192216;-14.678
451965.73208333977;5884907.93192216;-14.678
451965.73012083594;5884905.431922931;-14.6215
451965.7297283352;5884904.931923085;-14.6215
451965.72580332763;5884899.931924625;-14.358
451965.7234483231;5884896.93192555;-14.1745
451965.7222708208;5884895.431926012;-14.074
451965.71952331555;5884891.9319270905;-13.845
451965.7179533125;5884889.931927706;-13.602
451965.7179533125;5884889.931927706;-13.602
451965.71481330646;5884885.931928939;-13.283
451965.7128508027;5884883.431929709;-13.097999999999999
451965.71128079965;5884881.431930326;-12.9165
451965.70971079665;5884879.4319309415;-12.629999999999999
451965.7081407936;5884877.431931558;-12.344000000000001
451965.7073557921;5884876.431931866;-12.201
451965.7046082868;5884872.931932945;-11.771
451965.7038232853;5884871.931933253;-11.628
451965.7018607815;5884869.431934023;-11.1985
451965.6991132762;5884865.931935102;-10.769
451965.69793577393;5884864.431935564;-10.483
451965.69597327017;5884861.931936334;-10.196
451965.6936182656;5884858.931937258;-9.8085
451965.6928332641;5884857.931937566;-9.707
451965.6900857588;5884854.4319386445;-9.857
451965.6900857588;5884854.4319386445;-9.857
451965.68812325504;5884851.931939415;-9.805
451965.684983249;5884847.931940648;-9.949
451965.68341324595;5884845.931941263;-9.678
451965.68341324595;5884845.931941263;-9.678
451965.6802732399;5884841.931942496;-9.205
451965.67831073614;5884839.431943267;-8.8855
451965.6763482324;5884836.931944037;-8.672
451965.6751707301;5884835.431944499;-8.4585
451965.6732082263;5884832.931945269;-8.2455
451965.6716382233;5884830.9319458855;-8.032
451965.67006822024;5884828.931946501;-7.8185
451965.66810571647;5884826.431947271;-7.859
451965.6665357134;5884824.431947888;-8.09
451965.6649657104;5884822.431948504;-8.007
451965.6633957074;5884820.431949121;-7.923
451965.6630032066;5884819.931949275;-7.923
451965.6406560791;5884822.431849394;-8.007
451965.6227783771;5884824.431769489;-8.09
451965.6093701006;5884825.931709561;-7.859
451965.58702297305;5884828.43160968;-7.712
451965.57361469656;5884829.931549751;-7.925
451965.5602064201;5884831.431489822;-8.032
451965.53338986705;5884834.431369966;-8.352
451965.51104273956;5884836.931270085;-8.672
451965.48869561206;5884839.431170205;-8.805250000000001
451965.4663484845;5884841.931070323;-9.164
451965.44847078255;5884843.930990418;-9.4095
451965.444001357;5884844.4309704425;-9.4095
451965.4127153785;5884847.930830609;-9.9445
451965.390368251;5884850.430730728;-10.039
451965.372490549;5884852.430650824;-9.9825
451965.3501434215;5884854.930550943;-10.001999999999999
451965.34567399597;5884855.430530967;-10.001999999999999
451965.318857443;5884858.43041111;-9.8445
451965.29651031544;5884860.930311229;-10.2425
451965.2786326135;5884862.930231324;-10.52875
451965.26075491146;5884864.93015142;-10.81525
451965.23840778397;5884867.430051539;-11.1015
451965.22053008195;5884869.429971634;-11.38775
451965.19818295445;5884871.929871754;-11.817499999999999
451965.18030525243;5884873.929791849;-12.1035
451965.1624275504;5884875.929711944;-12.3905
451965.1400804229;5884878.429612064;-12.6765
451965.11773329537;5884880.929512182;-12.9495
451965.1043250189;5884882.429452254;-13.0595
451965.0819778914;5884884.929352374;-13.25375
451965.0685696149;5884886.429292445;-13.3305
451965.0596307639;5884887.429252492;-13.45075
451965.0283447854;5884890.92911266;-13.797
451965.00599765783;5884893.429012778;-13.9575
451964.98365053034;5884895.928912898;-14.138
451964.97024225385;5884897.428852969;-14.207
451964.9478951263;5884899.928753088;-14.4075
451964.9344868498;5884901.42869316;-14.44475
451964.9166091478;5884903.428613256;-14.5165
451964.8942620203;5884905.928513374;-14.6945
451964.8763843183;5884907.9284334695;-14.673
451964.8585066163;5884909.928353565;-14.4825
451964.83615948877;5884912.428253684;-14.1385
451964.8227512123;5884913.928193755;-13.9345
451964.79593465925;5884916.928073899;-14.3225
451964.77358753176;5884919.427974018;-14.54625
451964.75570982974;5884921.427894114;-14.8645
451964.7378321277;5884923.427814209;-15.20125
451964.7154850002;5884925.927714328;-15.5125
451964.69313787273;5884928.427614447;-16.219
451964.67972959625;5884929.927554519;-17.241999999999997
451964.6573824687;5884932.427454638;-17.614
451964.6350353412;5884934.927354757;-17.217750000000002
451964.6260964902;5884935.927314805;-17.116
451964.6037493627;5884938.427214924;-17.2945
451964.5814022352;5884940.927115043;-17.29
451964.5635245332;5884942.927035138;-17.30825
451964.5411774057;5884945.426935257;-17.322499999999998
451964.52776912914;5884946.92687533;-17.37925
451964.50542200165;5884949.426775448;-17.5415
451964.49201372516;5884950.92671552;-17.518
451964.46966659767;5884953.426615639;-17.5465
451964.4473194701;5884955.926515758;-17.66
451964.42944176815;5884957.926435853;-17.808
451964.41156406613;5884959.926355949;-17.802
451964.3936863641;5884961.926276044;-17.787
451964.3758086621;5884963.926196139;-17.78
451964.3534615346;5884966.426096259;-17.773
451964.3311144071;5884968.925996378;-17.7925
451964.3266449816;5884969.425976402;-17.7925
451964.2998284286;5884972.425856545;-17.823
451964.2998284286;5884972.425856545;-17.823
451964.2596035991;5884976.925676759;-17.8185
451964.61302152387;5884977.279365564;-17.900750000000002
451966.3801111478;5884979.047809587;-17.982
451967.793782847;5884980.462564805;-17.869
451969.2074545461;5884981.877320022;-17.9035
451970.9745441701;5884983.645764045;-18.001
451972.0347979445;5884984.706830459;-17.994500000000002
451973.44846964366;5884986.121585676;-17.9675
451975.2155592676;5884987.8900297;-17.9745
451976.62923096673;5884989.304784917;-17.955750000000002
451978.3963205907;5884991.073228939;-17.954
451979.4565743651;5884992.134295354;-17.9565
451981.22366398905;5884993.902739376;-17.9695
451982.99075361295;5884995.671183398;-17.9815
451984.05100738734;5884996.732249812;-17.984
451985.11126116174;5884997.7933162255;-17.96
451987.2317687105;5884999.915449053;-17.927500000000002
451988.9988583344;5885001.683893075;-17.9955
451990.41253003356;5885003.098648293;-18.002499999999998
451991.47278380796;5885004.159714707;-17.804499999999997
451991.1193658832;5885003.806025902;-17.804499999999997
451988.9972485869;5885001.68550281;-17.9955
451988.64356237085;5885001.332082295;-17.9585
451986.5214450745;5884999.211559204;-17.955
451985.46038642636;5884998.151297659;-17.96
451983.69195534615;5884996.384195082;-17.977
451981.9235242659;5884994.617092506;-17.979
451980.86246561777;5884993.55683096;-17.9695
451979.0940345375;5884991.789728384;-17.9565
451979.0940345375;5884991.789728384;-17.9565
451975.91085859307;5884988.608943747;-17.935000000000002
451974.8497999449;5884987.548682202;-17.9745
451973.0813688647;5884985.781579626;-17.9675
451971.3129377844;5884984.01447705;-18.001
451970.6055653523;5884983.307636019;-17.9635
451968.48344805604;5884981.187112927;-17.878500000000003
451966.71501697577;5884979.420010352;-17.935499999999998
451964.94658589555;5884977.652907776;-17.951
451963.8855272474;5884976.59264623;-17.8185
451963.8855272474;5884976.59264623;-17.8185
451963.8855272474;5884976.59264623;-17.8185
451963.8855272474;5884976.59264623;-17.8185
451958.22654779063;5884970.937917987;-16.96
451956.1044304943;5884968.8173948955;-16.1085
451954.3359994141;5884967.05029232;-15.233
451952.9212545499;5884965.636610258;-15.053999999999998
451951.50650968566;5884964.222928197;-15.052
451950.0917648215;5884962.809246137;-14.5395
451948.6770199573;5884961.395564076;-9.755
451947.6159613091;5884960.33530253;-4.93
451945.8475302289;5884958.568199954;-13.7165
451944.0790991486;5884956.801097378;-13.812999999999999
451942.66435428447;5884955.387415317;-13.98575
451940.8959232042;5884953.620312741;-14.1295
451939.48117834;5884952.20663068;-14.3405
451938.0664334758;5884950.792948619;-14.445
451936.6516886116;5884949.379266558;-14.543
451935.2369437474;5884947.965584497;-14.6745
451933.46851266717;5884946.198481921;-14.8765
451931.7000815869;5884944.431379345;-15.004
451929.9316505067;5884942.664276769;-15.096
451928.8705918585;5884941.604015224;-15.1945
451927.1021607783;5884939.836912648;-15.357
451925.6874159141;5884938.423230587;-15.296
451924.27267104987;5884937.009548525;-15.219999999999999
451925.6780838031;5884938.432448011;-15.296
451927.0741644453;5884939.86456492;-15.357
451928.819265248;5884941.654711056;-15.1945
451930.2153458902;5884943.0868279645;-15.096
451931.2624063718;5884944.160915646;-15.016
451933.3565273351;5884946.309091009;-14.8765
451934.7526079773;5884947.741207918;-14.6745
451935.79966845893;5884948.815295599;-14.6025
451937.5447692617;5884950.605441736;-14.445
451938.2428095828;5884951.3215001905;-14.445
451940.6859507066;5884953.827704781;-14.1295
451942.0820313488;5884955.25982169;-14.023499999999999
451943.8271321515;5884957.049967825;-13.812999999999999
451945.2232127937;5884958.482084734;-13.7905
451946.6192934359;5884959.914201643;-9.295
451947.66635391756;5884960.988289325;-9.4595
451949.7604748808;5884963.136464688;-14.5395
451951.50557568355;5884964.926610824;-14.8455
451952.90165632573;5884966.358727733;-15.053999999999998
451954.297736968;5884967.790844642;-14.997
451956.04283777066;5884969.580990777;-15.94
451957.08989825234;5884970.6550784595;-16.5685
451958.8349990551;5884972.445224595;-17.2035
451959.8820595367;5884973.5193122765;-17.63
451961.62716033944;5884975.309458413;-17.7685
451962.67422082106;5884976.383546094;-17.8465
451962.7047459234;5884974.88385672;-17.81075
451962.7352710257;5884973.384167347;-17.79225
451962.79632123036;5884970.384788599;-17.786
451962.84719640086;5884967.885306309;-17.77
451962.8878965373;5884965.885720477;-17.79
451962.92859667377;5884963.886134645;-17.7545
451962.9794718443;5884961.386652356;-17.767
451962.9998219125;5884960.386859439;-17.7725
451962.9998219125;5884960.386859439;-17.7725
451963.09139721945;5884955.887791318;-17.677
451963.1320973559;5884953.888205486;-17.583
451963.1727974923;5884951.888619655;-17.453000000000003
451963.22367266286;5884949.389137365;-17.41175
451963.2643727993;5884947.389551532;-17.329
451963.3050729357;5884945.389965701;-17.3045
451963.34577307216;5884943.390379869;-17.241
451963.39664824266;5884940.8908975795;-17.2125
451963.4373483791;5884938.891311747;-17.2055
451963.4882235496;5884936.391829458;-17.1785
451963.51874865196;5884934.892140084;-17.16
451963.57979885663;5884931.892761336;-17.21
451963.620498993;5884929.893175504;-17.805
451963.6611991295;5884927.893589673;-17.328
451963.70189926587;5884925.89400384;-15.288
451963.75277443643;5884923.39452155;-15.350000000000001
451963.77312450466;5884922.3947286345;-15.249
451963.82399967517;5884919.895246345;-14.692
451963.88504987984;5884916.895867597;-14.2795
451963.92575001623;5884914.896281766;-13.979
451963.9562751186;5884913.396592392;-13.885
451964.00715028914;5884910.897110102;-14.2005
451964.05802545964;5884908.397627812;-14.668
451964.088550562;5884906.897938438;-14.654499999999999
451964.1394257325;5884904.398456148;-14.607
451964.20047593716;5884901.399077401;-14.4975
451964.2106509713;5884900.899180942;-14.4975
451964.5644510103;5884901.252487512;-14.44475
451965.9796511666;5884902.665713792;-14.4605
451965.27205108845;5884901.959100652;-14.482
451968.8100514791;5884905.4921663515;-14.5365
451970.5790516744;5884907.258699201;-14.41775
451972.3480518697;5884909.025232051;-14.335
451973.763252026;5884910.43845833;-14.142
451974.8246521432;5884911.49837804;-13.966750000000001
451976.5936523385;5884913.26491089;-13.687750000000001
451978.36265253386;5884915.031443739;-13.708
451980.1316527292;5884916.797976589;-13.7675
451981.5468528854;5884918.211202869;-13.677
451983.3158530807;5884919.977735719;-13.827
451984.02345315885;5884920.684348859;-13.8
451986.5000534323;5884923.157494848;-13.76925
451987.9152535886;5884924.570721128;-13.8925
451989.6842537839;5884926.337253978;-14.116
451990.7456539011;5884927.397173687;-14.19875
451992.5146540964;5884929.163706537;-14.35175
451994.2836542917;5884930.930239387;-14.4255
451995.3450544089;5884931.990159096;-14.3525
451995.3450544089;5884931.990159096;-14.3525
451998.17545472144;5884934.816611656;-14.0775
451998.5292547605;5884935.169918226;-14.02425
452001.35965507297;5884937.996370785;-14.099
452002.77485522925;5884939.409597065;-14.104
452002.77485522925;5884939.409597065;-14.104
452006.3128556199;5884942.942662764;-14.328
452007.72805577616;5884944.355889044;-14.418
452009.1432559324;5884945.769115324;-14.340499999999999
452009.8508560105;5884946.475728463;-14.266
452012.32745628397;5884948.948874453;-14.1105
452014.0964564793;5884950.715407303;-14.086
452015.15785659646;5884951.775327013;-14.0185
452016.92685679183;5884953.541859862;-13.716000000000001
452018.69585698715;5884955.308392712;-13.38625
452020.11105714337;5884956.721618991;-13.441500000000001
452021.8800573387;5884958.488151842;-13.227
452023.29525749496;5884959.901378121;-13.4075
452025.0642576903;5884961.667910971;-12.756499999999999
452026.8332578856;5884963.43444382;-12.4535
452028.6022580809;5884965.20097667;-12.22525
452030.0174582372;5884966.61420295;-12.172
452031.7864584325;5884968.3807358;-11.985
452033.2016585888;5884969.793962079;-12.1515
452034.26305870595;5884970.853881789;-12.1925
452036.3858589403;5884972.973721209;-12.274000000000001
452037.4472590575;5884974.033640918;-12.287500000000001
452039.21625925286;5884975.800173768;-12.277
452040.9852594482;5884977.566706618;-12.2265
452041.3390594872;5884977.920013187;-12.2265
452040.279098913;5884976.858653879;-12.2275
452038.8658181474;5884975.443508135;-12.122499999999999
452037.4525373818;5884974.028362391;-12.287500000000001
452035.68593642476;5884972.25943021;-12.148
452034.62597585056;5884971.198070902;-12.10725
452032.85937489354;5884969.429138722;-12.025500000000001
452031.0927739365;5884967.660206541;-12.109
452029.6794931709;5884966.245060797;-12.111
452027.91289221385;5884964.476128617;-12.339
452026.1462912568;5884962.707196437;-12.6425
452024.73301049124;5884961.292050692;-12.85575
452022.9664095342;5884959.523118512;-13.4075
452021.5531287686;5884958.107972767;-13.227
452019.78652781155;5884956.339040588;-13.281
452018.72656723735;5884955.277681279;-13.38625
452017.66660666314;5884954.216321971;-13.568
452015.9000057061;5884952.447389791;-13.91
452014.1334047491;5884950.67845761;-14.086
452012.72012398345;5884949.263311866;-14.05725
452011.30684321787;5884947.848166121;-14.1445
452009.8935624522;5884946.4330203775;-14.266
452008.1269614952;5884944.664088197;-14.4165
452007.067000921;5884943.602728888;-14.407499999999999
452004.9470797726;5884941.480010272;-14.20775
452003.53379900695;5884940.064864528;-14.156
452001.7671980499;5884938.295932348;-14.052
452001.7671980499;5884938.295932348;-14.052
451998.5873163273;5884935.111854423;-14.02425
451998.5873163273;5884935.111854423;-14.02425
451995.7607547961;5884932.281562935;-14.095
451993.64083364763;5884930.158844318;-14.241
451991.8742326906;5884928.389912138;-14.281
451990.8142721164;5884927.32855283;-14.19875
451989.4009913508;5884925.913407085;-14.0495
451987.9877105852;5884924.498261341;-13.802
451986.22110962815;5884922.72932916;-13.834
451984.45450867113;5884920.960396981;-13.8
451983.3945480969;5884919.899037672;-13.827
451982.3345875227;5884918.837678364;-13.9665
451980.5679865657;5884917.068746184;-13.55625
451979.5080259915;5884916.007386875;-13.71
451977.03478465165;5884913.530881823;-13.838000000000001
451975.621503886;5884912.1157360785;-13.912
451973.854902929;5884910.346803898;-14.142
451972.08830197196;5884908.577871718;-14.335
451971.02834139776;5884907.51651241;-14.392
451968.90842024935;5884905.393793793;-14.5365
451967.84845967515;5884904.332434485;-14.689
451966.4351789095;5884902.917288741;-14.4605
451964.6685779525;5884901.148356561;-14.44475
451963.2552971869;5884899.733210816;-14.4925
451961.84201642126;5884898.318065072;-14.383
451960.07541546423;5884896.549132892;-14.381499999999999
451958.66213469865;5884895.133987147;-14.2725
451957.95549431583;5884894.426414276;-14.236
451955.83557316737;5884892.303695659;-14.234
451954.4222924018;5884890.888549915;-14.753
451953.00901163614;5884889.47340417;-14.507249999999999
451951.2424106791;5884887.70447199;-14.630500000000001
451949.82912991353;5884886.289326246;-14.672
451948.0625289565;5884884.520394065;-14.731
451947.0025683823;5884883.459034757;-14.61525
451945.2359674253;5884881.690102577;-14.747499999999999
451944.88264723384;5884881.33631614;-14.6275
451942.0560857026;5884878.506024652;-14.6915
451940.2894847456;5884876.737092472;-14.53
451939.9361645542;5884876.383306036;-14.463
451937.109603023;5884873.553014548;-14.4485
451935.69632225734;5884872.137868803;-14.379
451934.28304149176;5884870.722723058;-14.526
451932.51644053473;5884868.953790878;-14.42125
451931.4564799605;5884867.89243157;-14.567
451929.33655881207;5884865.769712954;-14.7525
451927.56995785504;5884864.000780773;-14.818
451926.50999728084;5884862.939421466;-14.937249999999999
451924.7433963238;5884861.170489285;-15.1415
451923.33011555823;5884859.755343541;-15.2805
451921.9168347926;5884858.340197796;-15.346
451920.15023383556;5884856.5712656155;-15.4565
451918.7369530699;5884855.156119872;-15.48025
451917.6769924957;5884854.094760563;-15.525
451916.26371173013;5884852.67961482;-15.636
451916.26371173013;5884852.67961482;-15.636
451916.9834520873;5884853.373858162;-15.57
451919.14267315896;5884855.456588188;-15.48025
451920.58215387334;5884856.8450748725;-15.3905
451922.3815047664;5884858.580683229;-15.353
451923.8209854808;5884859.969169913;-15.201
451925.2604661952;5884861.357656597;-15.1415
451926.6999469096;5884862.746143281;-14.937249999999999
451928.4992978026;5884864.4817516375;-14.818
451930.29864869564;5884866.217359993;-14.6
451931.37825923145;5884867.258725006;-14.5215
451933.17761012446;5884868.994333361;-14.42125
451934.97696101747;5884870.729941717;-14.4125
451936.4164417319;5884872.118428402;-14.379
451938.2157926249;5884873.854036757;-14.358
451939.6552733393;5884875.242523442;-14.4025
451941.09475405375;5884876.631010126;-14.522749999999998
451942.5342347681;5884878.019496811;-14.5075
451944.33358566114;5884879.755105166;-14.64
451945.7730663756;5884881.14359185;-14.498999999999999
451947.21254708996;5884882.532078534;-14.61525
451949.011897983;5884884.26768689;-14.492999999999999
451950.0915085188;5884885.309051904;-14.525500000000001
451952.2507295904;5884887.39178193;-14.432
451953.33034012624;5884888.433146943;-14.2915
451955.12969101925;5884890.168755299;-14.2945
451956.20930155506;5884891.210120313;-14.125499999999999
451958.0086524481;5884892.945728668;-14.163499999999999
451959.44813316246;5884894.334215352;-14.2
451960.5277436983;5884895.375580366;-14.201
451962.3270945913;5884897.111188721;-14.3105
451962.3270945913;5884897.111188721;-14.3105
451963.32709416206;5884897.112115223;-14.274999999999999
451965.82709308906;5884897.114431477;-14.1745
451968.32709201606;5884897.116747731;-14.189
451970.32709115767;5884897.118600735;-14.1745
451971.82709051383;5884897.119990488;-13.888
451974.8270892262;5884897.122769993;-13.47275
451976.32708858245;5884897.124159746;-13.324
451979.32708729483;5884897.126939251;-12.7395
451981.82708622183;5884897.129255505;-11.7455
451983.82708536345;5884897.131108509;-11.3425
451984.8270849342;5884897.1320350105;-10.98375
451987.3270838612;5884897.134351266;-10.2605
451990.3270825736;5884897.137130771;-9.6075
451992.8270815006;5884897.139447025;-8.875
451994.82708064216;5884897.141300028;-8.2125
451997.32707956916;5884897.143616283;-7.624750000000001
451999.3270787108;5884897.1454692865;-6.9995
451999.3270787108;5884897.1454692865;-6.9995
452003.32707699394;5884897.149175294;-5.829750000000001
452004.3270765648;5884897.150101796;-5.6115
452007.82707506255;5884897.153344551;-5.031000000000001
452010.32707398955;5884897.155660806;-4.7415
452011.8270733457;5884897.157050558;-4.53
452012.32707313116;5884897.157513809;-4.53
452016.8270711997;5884897.161683068;-4.092
452018.32707055594;5884897.16307282;-4.0045
452020.82706948294;5884897.165389075;-3.4255
452023.3270684099;5884897.167705329;-3.132
452025.3270675515;5884897.169558332;-2.94475
452025.8270673369;5884897.170021583;-2.8595
452024.32706794166;5884897.171368548;-3.0300000000000002
452021.8270689496;5884897.173613488;-3.234
452019.827069756;5884897.17540944;-3.617
452017.3270707639;5884897.177654381;-4.092
452014.8270717719;5884897.179899321;-4.267
452012.82707257825;5884897.181695273;-4.4422500000000005
452010.3270735862;5884897.183940214;-4.7415
452007.82707459416;5884897.186185154;-5.031000000000001
452005.8270754005;5884897.187981106;-5.321
452004.3270760053;5884897.189328071;-5.6115
452001.8270770132;5884897.191573012;-6.048
451999.82707781956;5884897.193368964;-6.664
451997.82707862597;5884897.195164916;-7.335000000000001
451998.82707822276;5884897.19426694;-6.9995
451993.32708044024;5884897.199205808;-8.875
451991.3270812466;5884897.2010017615;-9.4235
451990.3270816498;5884897.201899737;-9.6075
451987.32708285935;5884897.204593666;-10.2605
451984.8270838673;5884897.206838606;-10.98375
451982.8270846736;5884897.208634558;-11.544
451980.3270856816;5884897.210879499;-12.426
451978.32708648796;5884897.212675451;-13.053
451975.82708749594;5884897.214920391;-13.324
451974.32708810066;5884897.216267356;-13.621500000000001
451971.82708910864;5884897.218512297;-13.888
451969.32709011657;5884897.220757237;-14.181750000000001
451967.327090923;5884897.222553189;-14.181750000000001
451965.8270915277;5884897.223900153;-14.1745
451963.3270925357;5884897.226145093;-14.274999999999999
451960.8270935436;5884897.228390034;-14.346
451959.3270941484;5884897.229736999;-14.464500000000001
451956.82709515636;5884897.231981939;-14.862
451954.3270961643;5884897.234226879;-15.485
451952.82709676906;5884897.235573843;-15.588
451950.32709777704;5884897.237818784;-15.9155
451947.82709878497;5884897.240063724;-15.9535
451945.8270995913;5884897.241859676;-15.8975
451943.3271005993;5884897.244104617;-15.78725
451941.32710140565;5884897.2459005695;-15.59075
451938.8271024136;5884897.2481455095;-15.401250000000001
451936.82710322;5884897.249941462;-15.2365
451934.82710402634;5884897.251737414;-15.23025
451932.8271048327;5884897.253533367;-15.29875
451932.8271048327;5884897.253533367;-15.29875
451928.8271064454;5884897.2571252715;-14.8705
451926.8271072518;5884897.258921224;-14.70575
451925.3271078565;5884897.260268188;-14.594999999999999
451924.82665300573;5884897.282497988;-14.594999999999999
451927.3243767358;5884897.38915711;-14.70575
451929.3225557198;5884897.474484407;-14.8705
451931.8202794499;5884897.58114353;-15.192
451933.81845843396;5884897.666470828;-15.321
451934.817547926;5884897.709134476;-15.257
451937.315271656;5884897.815793598;-15.2835
451938.81390589406;5884897.879789071;-15.3765
451942.81026386213;5884898.050443666;-15.842
451944.80844284623;5884898.1357709635;-15.9305
451947.3061665763;5884898.242430086;-15.986
451949.8038903063;5884898.349089208;-16.02
451951.30252454436;5884898.413084681;-15.9175
451953.8002482744;5884898.519743803;-15.750499999999999
451956.29797200445;5884898.626402925;-15.388
451958.79569573456;5884898.733062047;-14.65
451960.7938747186;5884898.818389345;-14.491
451962.2925089566;5884898.882384818;-14.4555
451962.2925089566;5884898.882384818;-14.4555
451963.35393375094;5884897.82248982;-14.3475
451965.12297507486;5884896.055998158;-14.138
451966.53820813395;5884894.642804828;-14.044
451968.30724945787;5884892.876313165;-13.7705
451969.72248251695;5884891.463119835;-13.521
451971.4915238409;5884889.696628172;-13.2575
451972.5529486352;5884888.636733174;-12.754
451974.3219899591;5884886.870241512;-12.260000000000002
451976.091031283;5884885.103749849;-11.7675
451977.5062643421;5884883.690556519;-11.534
451979.27530566603;5884881.924064856;-11.0305
451980.33673046035;5884880.864169858;-10.741
451982.45958004904;5884878.744379863;-10.264
451983.8748131081;5884877.331186533;-9.829
451984.2286213729;5884876.9778882;-9.829
451986.70527922636;5884874.504799873;-8.894
451988.4743205503;5884872.73830821;-8.3095
451989.88955360936;5884871.32511488;-7.681
451991.6585949333;5884869.558623217;-7.216
451992.7200197276;5884868.498728219;-6.7295
451994.4890610515;5884866.732236557;-6.4415
451995.19667758106;5884866.025639892;-6.189
451994.4900693897;5884866.733244912;-6.4415
451992.3702448156;5884868.85605997;-7.0385
451990.95702843287;5884870.27127001;-7.359500000000001
451989.19050795445;5884872.040282559;-7.997
451987.4239874761;5884873.809295109;-8.683
451986.36407518905;5884874.870702638;-9.096
451984.9508588063;5884876.285912678;-9.473500000000001
451983.5376424236;5884877.701122717;-10.021
451982.12442604086;5884879.116332756;-10.264
451980.35790556244;5884880.885345305;-10.741
451978.59138508403;5884882.654357854;-11.213750000000001
451977.1781687013;5884884.069567894;-11.5555
451975.41164822294;5884885.8385804435;-12.037500000000001
451973.64512774453;5884887.6075929925;-12.403
451972.2319113618;5884889.022803032;-12.925
451970.81869497907;5884890.438013071;-13.2575
451969.758782692;5884891.499420601;-13.521
451967.9922622136;5884893.26843315;-13.7705
451966.5790458309;5884894.683643189;-14.044
451965.5191335438;5884895.745050719;-14.109
451963.3993089698;5884897.867865778;-14.3475
451961.98609258706;5884899.283075817;-14.4555
451960.21957210865;5884901.052088367;-14.724
451959.5129639173;5884901.759693386;-14.849
451957.3931393432;5884903.8825084455;-15.9125
451955.6266188648;5884905.6515209945;-15.84
451954.5667065777;5884906.712928524;-15.93825
451952.8001860993;5884908.481941073;-16.2865
451951.03366562095;5884910.250953623;-16.6645
451949.6204492382;5884911.666163662;-16.613
451947.8539287598;5884913.435176211;-16.5415
451946.4407123771;5884914.850386251;-16.110500000000002
451945.38080009003;5884915.9117937805;-16.008499999999998
451945.38080009003;5884915.9117937805;-16.008499999999998
451941.8477591332;5884919.449818878;-15.769
451940.4345427505;5884920.865028918;-15.472999999999999
451939.3746304634;5884921.926436448;-15.065000000000001
451937.60810998507;5884923.6954489965;-14.652
451935.84158950666;5884925.464461546;-14.128
451934.7816772196;5884926.525869076;-13.91875
451933.0151567412;5884928.294881625;-13.5465
451931.2486362628;5884930.063894174;-13.725000000000001
451930.18872397573;5884931.125301704;-14.0745
451928.06889940164;5884933.248116762;-14.542
451926.6556830189;5884934.663326803;-14.95825
451925.5957707319;5884935.7247343315;-15.094
451923.8292502535;5884937.493746881;-15.219999999999999
451923.12264206214;5884938.201351901;-15.2635
451920.64951339236;5884940.67796947;-15.4195
451918.88299291395;5884942.446982019;-15.4935
451917.11647243553;5884944.215994569;-15.52
451915.7032560528;5884945.631204608;-15.528
451914.64334376575;5884946.692612137;-15.5165
451912.5235191917;5884948.815427196;-15.4215
451911.110302809;5884950.230637236;-15.3455
451909.3437823306;5884951.9996497845;-15.243500000000001
451908.2838700435;5884953.061057314;-15.2035
451906.5173495651;5884954.830069863;-15.2505
451904.7508290867;5884956.599082413;-15.093
451904.04422089533;5884957.306687432;-14.924
451903.33761270397;5884958.0142924525;-14.835
451900.51117993856;5884960.844712531;-14.55775
451899.4512676515;5884961.906120061;-14.3085
451897.6847471731;5884963.67513261;-14.257
451896.27153079037;5884965.090342649;-14.0225
451894.50501031196;5884966.859355198;-13.719
451893.4450980249;5884967.920762728;-13.350999999999999
451891.6785775465;5884969.689775277;-12.992
451889.9120570681;5884971.458787827;-12.05
451888.85214478103;5884972.520195356;-11.716750000000001
451886.732320207;5884974.643010415;-10.71125
451885.67240791995;5884975.704417945;-10.067
451883.90588744154;5884977.473430494;-10.002
451883.19927925017;5884978.181035514;-9.778
451880.3728464847;5884981.011455593;-9.6445
451878.6063260063;5884982.780468142;-10.182500000000001
451877.19310962356;5884984.195678181;-10.3015
451875.77989324083;5884985.61088822;-10.22
451874.71998095384;5884986.67229575;-9.98725
451873.6600686668;5884987.73370328;-9.8
451871.186939997;5884990.210320848;-9.1615
451871.8935481884;5884989.502715829;-9.311
451868.36050723155;5884993.040740927;-8.54
451866.59398675314;5884994.809753477;-8.22875
451867.3005949445;5884994.1021484565;-8.276
451867.3005949445;5884994.1021484565;-8.276
451867.3005949445;5884994.1021484565;-8.276
451867.3005949445;5884994.1021484565;-8.276
451867.3005949445;5884994.1021484565;-8.276
451867.3005949445;5884994.1021484565;-8.276
451867.3005949445;5884994.1021484565;-8.276
451867.3005949445;5884994.1021484565;-8.276
451867.3005949445;5884994.1021484565;-8.276
451867.3005949445;5884994.1021484565;-8.276
451867.3005949445;5884994.1021484565;-8.276
451869.58686548023;5884993.090730127;-8.95
451871.8731360159;5884992.079311797;-9.29
451874.1594065516;5884991.067893468;-9.57
451875.9884229802;5884990.258758804;-9.966
451878.2746935159;5884989.247340474;-10.223500000000001
451880.10370994447;5884988.43820581;-10.417
451881.932726373;5884987.629071146;-10.595
451882.8472345873;5884987.224503815;-10.8085
451886.0480133373;5884985.808518154;-11.221
451887.87702976586;5884984.99938349;-11.317499999999999
451889.7060461944;5884984.190248826;-11.444
451891.07780851587;5884983.583397828;-11.38
451892.9068249444;5884982.774263164;-11.526250000000001
451894.735841373;5884981.965128501;-12.136500000000002
451897.02211190865;5884980.953710171;-12.72375
451899.3083824444;5884979.942291841;-12.751999999999999
451901.13739887293;5884979.133157178;-12.81925
451901.5946529801;5884978.930873511;-12.961500000000001
451904.79543173005;5884977.51488785;-13.736
451907.0817022658;5884976.50346952;-14.178
451908.4534645872;5884975.896618523;-14.347
451910.7397351229;5884974.885200193;-14.79775
451913.0260056586;5884973.873781864;-15.001
451914.85502208717;5884973.0646472;-15.256499999999999
451916.2267844086;5884972.457796202;-15.308
451917.59854673;5884971.8509452045;-15.307
451920.79932548;5884970.434959543;-15.5195
451923.08559601574;5884969.423541212;-15.447
451924.4573583371;5884968.816690215;-15.4535
451926.74362887285;5884967.805271885;-15.378499999999999
451928.5726453014;5884966.996137221;-15.3435
451930.40166172996;5884966.187002558;-15.336
451931.7734240514;5884965.58015156;-15.095
451934.0596945871;5884964.56873323;-14.814499999999999
451936.3459651228;5884963.557314901;-15.015
451937.71772744425;5884962.950463903;-14.536999999999999
451940.0039979799;5884961.939045574;-14.461
451940.9185061942;5884961.534478242;-14.5265
451944.57653905137;5884959.9162089145;-13.894
451946.4055554799;5884959.1070742505;-13.7165
451947.7773178013;5884958.500223253;-4.7435
451947.7773178013;5884958.500223253;-4.7435
451951.8926047656;5884956.679670259;-6.716000000000001
451954.1788753013;5884955.66825193;-7.236999999999998
451955.5506376227;5884955.061400931;-7.464499999999999
451954.1788753013;5884955.66825193;-7.236999999999998
451954.99448183115;5884957.494391571;-7.37175
451955.6061867285;5884958.863996302;-7.4405
451956.8295965233;5884961.603205763;-17.374000000000002
451957.64520305314;5884963.429345404;-17.517
451958.2569079505;5884964.798950135;-17.3115
451959.48031774524;5884967.538159597;-17.416
451960.29592427507;5884969.364299238;-17.533
451961.3154324374;5884971.646973789;-17.601
451962.3349405997;5884973.92964834;-17.707
451962.94664549705;5884975.299253071;-17.81075
451962.94664549705;5884975.299253071;-17.81075
451964.9856618216;5884979.864602174;-17.808999999999997
451965.80126835144;5884981.690741815;-17.816
451966.8207765138;5884983.973416366;-17.829500000000003
451967.6363830436;5884985.799556007;-17.843
451968.4519895734;5884987.625695648;-17.836
451968.6558912059;5884988.082230558;-17.856499999999997
451970.0832026331;5884991.27797493;-17.866500000000002
451971.30661242787;5884994.017184391;-17.9155
451972.1222189577;5884995.843324033;-17.939
451972.9378254875;5884997.669463674;-17.948
451973.75343201734;5884999.495603315;-17.951999999999998
451974.56903854717;5885001.321742956;-17.997
451975.5885467095;5885003.604417507;-18.129
451976.6080548718;5885005.887092058;-18.165
451977.62756303407;5885008.169766609;-18.075
451978.4431695639;5885009.99590625;-17.941
451978.64707119635;5885010.452441161;-17.979999999999997
451978.64707119635;5885010.452441161;-17.979999999999997
451978.64707119635;5885010.452441161;-17.979999999999997
451978.64707119635;5885010.452441161;-17.979999999999997
451978.64707119635;5885010.452441161;-17.979999999999997
451978.64707119635;5885010.452441161;-17.979999999999997
451978.64707119635;5885010.452441161;-17.979999999999997
451978.02135272365;5885011.232490129;-17.9405
451976.1441973055;5885013.572637034;-17.877
451974.2670418874;5885015.912783938;-17.823
451973.3284641783;5885017.082857391;-17.781
451971.76416799653;5885019.032979812;-17.6685
451970.19987181475;5885020.983102232;-17.4625
451968.94843486935;5885022.543200169;-17.35725
451970.0627557186;5885019.9925472485;-17.45
451969.7885235262;5885018.01143728;-17.514
451969.7199654781;5885017.516159789;-17.514
451969.1715010934;5885013.553939853;-17.610500000000002
451968.89726890106;5885011.572829885;-17.6905
451968.6915947568;5885010.086997409;-17.7495
451968.28024646826;5885007.115332457;-17.762
451968.0060142759;5885005.13422249;-17.7895
451967.7317820835;5885003.153112521;-17.7985
451967.38899184304;5885000.676725062;-17.841
451967.0462016026;5884998.200337602;-17.846
451966.77196941024;5884996.219227634;-17.9685
451966.6348533141;5884995.228672651;-17.890249999999998
451966.22350502555;5884992.2570076985;-17.78
451965.81215673697;5884989.285342746;-17.791
451965.46936649655;5884986.808955287;-17.738
451965.2636923523;5884985.3231228115;-17.7755
451964.9209021118;5884982.846735352;-17.79175
451964.5781118714;5884980.370347892;-17.808999999999997
451964.4409957752;5884979.379792907;-17.778
451962.4556726502;5884979.6216442855;-17.402
451959.97401874384;5884979.923958508;-17.514
451957.9886956188;5884980.1658098865;-17.345
451955.50704171247;5884980.468124109;-17.179
451954.51438014995;5884980.589049798;-17.009999999999998
451952.0327262436;5884980.89136402;-16.743499999999997
451950.0474031186;5884981.1332153985;-16.555
451947.5657492122;5884981.435529621;-16.28
451946.07675686845;5884981.616918155;-15.969
451943.5951029621;5884981.919232378;-15.664
451942.10611061833;5884982.100620911;-15.482
451939.624456712;5884982.402935134;-15.408
451938.1354643682;5884982.584323668;-15.368500000000001
451935.1574796806;5884982.947100735;-15.29975
451934.1648181181;5884983.068026424;-15.2675
451934.1648181181;5884983.068026424;-15.2675
451934.1648181181;5884983.068026424;-15.2675
451934.1648181181;5884983.068026424;-15.2675
451934.1648181181;5884983.068026424;-15.2675
451934.1648181181;5884983.068026424;-15.2675
451934.1648181181;5884983.068026424;-15.2675
451934.1648181181;5884983.068026424;-15.2675
451935.0291618675;5884982.56512496;-15.29975
451935.0291618675;5884982.56512496;-15.29975
451938.48653686524;5884980.553519103;-15.331
451938.91870874;5884980.30206837;-15.358
451942.3760837377;5884978.290462513;-15.469
451944.10477123654;5884977.284659585;-15.690000000000001
451946.2656306101;5884976.027405924;-15.544
451947.994318109;5884975.021602995;-16.003
451949.72300560784;5884974.015800066;-16.388
451951.019521232;5884973.26144787;-16.2905
451953.18038060557;5884972.004194209;-16.3995
451954.4768962297;5884971.249842012;-15.9225
451957.069927478;5884969.74113762;-16.4295
451958.79861497687;5884968.735334691;-17.32
451960.5273024757;5884967.729531762;-17.643
451962.6881618493;5884966.472278101;-17.79
451963.55250559875;5884965.969376638;-17.773
451964.8490212229;5884965.215024441;-17.830750000000002
451968.3063962206;5884963.203418584;-17.965
451970.0350837195;5884962.197615655;-17.966
451972.6281149678;5884960.688911262;-17.87175
451972.19594309304;5884960.940361994;-17.9065
451974.3568024666;5884959.6831083335;-17.806
451977.3820055896;5884957.922953208;-17.678
451979.5428649632;5884956.665699547;-17.9465
451981.2715524621;5884955.659896619;-17.929
451982.5680680862;5884954.905544423;-17.74325
451983.8645837103;5884954.1511922255;-17.8
451985.5932712092;5884953.145389297;-17.609499999999997
451989.05064620695;5884951.13378344;-16.917
451991.2115055805;5884949.876529779;-15.942499999999999
451992.07584932994;5884949.373628315;-15.4855
451994.2367087035;5884948.116374654;-15.503
451996.3975680771;5884946.859120993;-14.6495
451998.55842745065;5884945.601867332;-14.4885
451999.8549430748;5884944.847515136;-14.472000000000001
452001.5836305737;5884943.841712207;-14.374
452002.4479743231;5884943.338810743;-14.31
452004.44475631893;5884943.225401479;-14.315
452006.94073381374;5884943.083639899;-14.3345
452007.43992931274;5884943.055287584;-14.3345
452010.9342978054;5884942.856821372;-14.17525
452013.4302753002;5884942.715059793;-13.9695
452014.9278617971;5884942.630002845;-13.67025
452017.4238392919;5884942.4882412655;-13.283
452019.4206212878;5884942.3748320015;-12.968499999999999
452021.9165987826;5884942.233070422;-12.486
452023.9133807784;5884942.119661158;-12.204
452024.41257627733;5884942.091308842;-12.204
452027.9069447701;5884941.892842631;-11.375
452029.90372676594;5884941.779433367;-10.995
452032.3997042607;5884941.637671787;-10.704
452033.8972907576;5884941.55261484;-10.494
452036.3932682524;5884941.41085326;-10.181999999999999
452038.39005024824;5884941.297443996;-9.739
452040.38683224405;5884941.184034733;-9.244499999999999
452042.3836142399;5884941.070625469;-8.881499999999999
452044.38039623573;5884940.957216205;-8.526
452045.87798273267;5884940.8721592575;-8.267
452048.3739602274;5884940.730397678;-8.001999999999999
452048.3739602274;5884940.730397678;-8.001999999999999
452048.3739602274;5884940.730397678;-8.001999999999999
452048.3739602274;5884940.730397678;-8.001999999999999
452048.3739602274;5884940.730397678;-8.001999999999999
452048.3739602274;5884940.730397678;-8.001999999999999
452048.3739602274;5884940.730397678;-8.001999999999999
452048.3739602274;5884940.730397678;-8.001999999999999
452048.3739602274;5884940.730397678;-8.001999999999999
452047.1032838661;5884939.185929619;-7.84525
452045.51493841445;5884937.2553445455;-7.781000000000001
452044.2442620531;5884935.710876487;-8.121
452042.97358569177;5884934.166408428;-8.18
452042.6559166014;5884933.780291413;-8.18
452041.7054272665;5884933.469534234;-8.337
452038.85395926156;5884932.537262698;-8.93125
452036.9529805916;5884931.915748341;-9.225999999999999
452035.05200192175;5884931.294233983;-9.4755
452034.57675725425;5884931.138855394;-9.4755
452032.6757785843;5884930.517341036;-9.7965
452029.34906591196;5884929.4296909105;-10.43875
452026.9728425746;5884928.652797964;-10.79925
452025.07186390465;5884928.031283607;-10.994499999999999
452023.1708852347;5884927.409769249;-11.0175
452020.7946618973;5884926.632876302;-11.266
452018.4184385599;5884925.855983356;-11.931
452016.51745989;5884925.234468998;-12.08225
452015.09172588756;5884924.76833323;-12.5745
452015.09172588756;5884924.76833323;-12.5745
452015.09172588756;5884924.76833323;-12.5745
452015.09172588756;5884924.76833323;-12.5745
452015.09172588756;5884924.76833323;-12.5745
452015.09172588756;5884924.76833323;-12.5745
452015.09172588756;5884924.76833323;-12.5745
452015.09172588756;5884924.76833323;-12.5745
452013.8738909464;5884926.354800392;-12.877
452012.9605147405;5884927.544650763;-13.182
452011.438221064;5884929.527734716;-13.501999999999999
452009.9159273875;5884931.510818669;-13.727
452008.39363371104;5884933.493902621;-13.7715
452007.1757987698;5884935.080369783;-13.8735
452006.2624225639;5884936.270220155;-13.935
452006.2624225639;5884936.270220155;-13.935
452003.52229394624;5884939.839771269;-14.156
452002.30445900507;5884941.426238431;-14.1975
452001.0866240639;5884943.012705592;-14.31675
451999.86878912273;5884944.599172755;-14.472000000000001
451998.3464954462;5884946.582256707;-14.661000000000001
451997.7375779756;5884947.375490288;-14.661000000000001
451995.60636682855;5884950.151807821;-15.606
451994.08407315204;5884952.1348917745;-16.236
451993.17069694615;5884953.324742146;-16.704250000000002
451991.6484032697;5884955.307826098;-17.262999999999998
451990.4305683285;5884956.89429326;-17.5535
451988.908274652;5884958.877377213;-17.5485
451987.3859809755;5884960.860461165;-17.70375
451986.16814603435;5884962.446928327;-17.775
451984.9503110931;5884964.033395489;-17.8695
451985.57774977287;5884964.583184508;-17.9285
451986.3851996339;5884966.94919903;-18.031
451987.1926494949;5884969.315213553;-18.00675
451987.83860938373;5884971.208025171;-17.8005
451988.32307930035;5884972.627633885;-17.7705
451989.13052916137;5884974.993648408;-17.72475
451989.7764890502;5884976.886460026;-17.649
451990.0994689946;5884977.832865835;-17.689
451991.0684088278;5884980.672083262;-17.54775
451990.7454288834;5884979.725677453;-17.68
451992.5218185776;5884984.930909404;-16.84425
451993.1677784664;5884986.823721021;-16.7625
451993.81373835524;5884988.716532639;-16.317500000000003
451994.62118821626;5884991.082547163;-16.185
451995.1056581329;5884992.502155876;-16.247
451995.9131079939;5884994.868170399;-16.034
451996.7205578549;5884997.234184922;-16.04975
451997.52800771594;5884999.600199444;-16.046
451997.52800771594;5884999.600199444;-16.046
451997.52800771594;5884999.600199444;-16.046
451997.52800771594;5884999.600199444;-16.046
451997.52800771594;5884999.600199444;-16.046
451997.52800771594;5884999.600199444;-16.046
451997.52800771594;5884999.600199444;-16.046
451997.52800771594;5884999.600199444;-16.046
451997.52800771594;5884999.600199444;-16.046
451998.9356925484;5885000.118295393;-15.2695
452000.34337738086;5885000.636391343;-14.477
452002.68951876834;5885001.4998845905;-13.869250000000001
452004.0972036008;5885002.01798054;-13.539
452002.8125265722;5885001.243638928;-13.869250000000001
452001.5278495436;5885000.469297316;-14.281
451998.9584954864;5884998.920614092;-15.42475
451997.24559278163;5884997.888158609;-16.323
451995.1044644006;5884996.597589255;-16.781
451993.39156169584;5884995.565133773;-17.1905
451993.39156169584;5884995.565133773;-17.1905
451989.9657562863;5884993.500222807;-17.599
451987.82462790527;5884992.209653454;-17.955
451986.5399508767;5884991.435311842;-17.924
451984.39882249566;5884990.144742488;-17.888
451985.2552738481;5884990.66097023;-17.9195
451980.5447914099;5884987.821717652;-17.927500000000002
451979.2601143813;5884987.04737604;-17.9635
451977.1189860003;5884985.7568066865;-17.9615
451974.97785761935;5884984.466237333;-17.9395
451973.2649549145;5884983.43378185;-17.96225
451971.12382653356;5884982.143212496;-17.926000000000002
451968.98269815254;5884980.852643143;-17.94875
451967.26979544776;5884979.820187661;-17.8525
451965.556892743;5884978.787732177;-17.982
451965.556892743;5884978.787732177;-17.982
451968.39437453594;5884977.813721359;-17.909
451970.7589426968;5884977.002045677;-17.88175
451972.6505972254;5884976.352705131;-17.9115
451973.59642448975;5884976.028034858;-17.925
451976.9068199149;5884974.891688904;-17.9685
451979.2713880757;5884974.080013221;-18.012999999999998
451980.6901289722;5884973.593007812;-17.9925
451983.5276107652;5884972.618996994;-17.915
451985.4192652938;5884971.969656448;-17.8915
451985.4192652938;5884971.969656448;-17.8915
451989.2025743511;5884970.670975356;-17.70625
451991.0942288798;5884970.021634811;-17.6015
451992.98588340846;5884969.372294266;-17.588250000000002
451995.35045156925;5884968.560618583;-17.529
451997.2421060979;5884967.911278037;-17.512
451999.13376062654;5884967.261937492;-17.247
452001.0254151552;5884966.612596947;-17.169
452003.389983316;5884965.800921264;-17.139499999999998
452005.2816378447;5884965.151580718;-16.9865
452007.6462060055;5884964.339905037;-17.13
452008.11911963765;5884964.1775699;-17.13
452009.53786053415;5884963.690564491;-16.745
452009.53786053415;5884963.690564491;-16.745
452009.53786053415;5884963.690564491;-16.745
452009.53786053415;5884963.690564491;-16.745
452009.53786053415;5884963.690564491;-16.745
452009.53786053415;5884963.690564491;-16.745
452009.53786053415;5884963.690564491;-16.745
452009.53786053415;5884963.690564491;-16.745
452009.53786053415;5884963.690564491;-16.745
452009.53786053415;5884963.690564491;-16.745
452009.53786053415;5884963.690564491;-16.745
452009.53786053415;5884963.690564491;-16.745
452009.53786053415;5884963.690564491;-16.745
452009.53786053415;5884963.690564491;-16.745
452007.2623698433;5884962.655121534;-16.8315
452005.4419772906;5884961.82676717;-16.7165
452003.1664865998;5884960.791324213;-16.586
452001.34609404707;5884959.962969848;-16.584
451999.5257014944;5884959.134615483;-16.5705
451999.07060335623;5884958.927526891;-16.705750000000002
451995.884916389;5884957.477906752;-17.0745
451993.6094256982;5884956.442463797;-17.089
451991.33393500734;5884955.40702084;-17.36825
451990.423738731;5884954.992843658;-17.4735
451990.423738731;5884954.992843658;-17.4735
451990.423738731;5884954.992843658;-17.4735
451983.14216852025;5884951.679426197;-17.614
451982.2319722439;5884951.265249015;-17.524
451979.0462852767;5884949.815628876;-17.522
451977.22589272406;5884948.987274511;-17.26925
451975.86059830955;5884948.366008737;-17.081
451973.5851076187;5884947.33056578;-17.002499999999998
451971.3096169278;5884946.295122825;-17.2805
451969.48922437517;5884945.466768459;-17.295
451967.2137336843;5884944.431325503;-17.310499999999998
451964.93824299343;5884943.395882547;-17.30825
451963.1178504408;5884942.567528182;-17.241
451961.7525560263;5884941.946262408;-17.194
451959.4770653354;5884940.910819451;-16.8405
451957.20157464454;5884939.875376495;-16.561500000000002
451954.9260839537;5884938.839933539;-16.32725
451953.5607895392;5884938.218667765;-16.148
451951.28529884835;5884937.183224808;-15.64175
451950.37510257197;5884936.769047626;-15.462
451950.73869979614;5884935.83749137;-15.5975
451950.73869979614;5884935.83749137;-15.5975
451950.73869979614;5884935.83749137;-15.5975
451952.92028314114;5884930.248153833;-16.253999999999998
451953.2838803653;5884929.316597576;-16.30625
451954.37467203784;5884926.521928808;-16.589
451955.28366509825;5884924.1930381665;-16.7485
451956.0108595466;5884922.329925654;-16.714
451956.55625538283;5884920.93259127;-16.522
451956.55625538283;5884920.93259127;-16.522
451958.3742415037;5884916.274809988;-14.504
451958.3742415037;5884916.274809988;-14.504
451958.3742415037;5884916.274809988;-14.504
451958.3742415037;5884916.274809988;-14.504
451958.3742415037;5884916.274809988;-14.504
451958.3742415037;5884916.274809988;-14.504
451958.3742415037;5884916.274809988;-14.504
451958.3742415037;5884916.274809988;-14.504
451958.3742415037;5884916.274809988;-14.504
451958.3742415037;5884916.274809988;-14.504
451958.3742415037;5884916.274809988;-14.504
451958.1429550512;5884917.756871585;-15.847
451957.91166859877;5884919.238933182;-16.029
451957.8345731146;5884919.732953714;-16.211
451957.2178092413;5884923.685117972;-16.7985
451956.9094273047;5884925.6612001015;-16.829500000000003
451956.67814085225;5884927.143261699;-16.84475
451956.29266343144;5884929.61336436;-16.79
451955.9071860107;5884932.083467022;-16.686
451955.59880407405;5884934.059549151;-16.582
451955.36751762155;5884935.541610748;-16.2985
451955.21332665323;5884936.529651812;-16.2795
451954.67365826416;5884939.987795538;-16.394
451954.36527632753;5884941.963877668;-16.303
451954.0568943909;5884943.939959796;-16.646
451953.6714169701;5884946.410062457;-16.623
451953.2859395493;5884948.88016512;-16.75975
451952.9004621285;5884951.350267781;-11.99475
451952.7462711602;5884952.338308846;-7.176499999999999
451952.28369825525;5884955.302432039;-7.143000000000001
451951.9753163186;5884957.278514168;-6.716000000000001
451951.666934382;5884959.254596298;-6.099
451951.28145696124;5884961.724698959;-15.197
451950.9730750246;5884963.700781088;-14.667
451950.5875976038;5884966.17088375;-14.684
451950.27921566716;5884968.146965878;-15.013
451950.0479292147;5884969.629027476;-15.476
451950.17625280377;5884970.112280056;-15.476
451950.68954716;5884972.045290378;-16.156
451951.3311651053;5884974.46155328;-16.425
451951.4594886943;5884974.9448058605;-16.526
451952.22943022865;5884977.844321343;-16.838
451952.8710481739;5884980.260584245;-16.923000000000002
451953.51266611915;5884982.676847147;-16.779
451954.1542840644;5884985.093110049;-16.737000000000002
451954.66757842066;5884987.026120371;-16.80225
451955.0525491878;5884988.475878112;-16.799500000000002
451955.6941671331;5884990.892141014;-16.8505
451956.33578507835;5884993.308403917;-16.842
451956.8490794346;5884995.241414239;-16.902749999999997
451957.36237379076;5884997.17442456;-16.89775
451957.875668147;5884999.107434882;-16.9405
451958.5172860923;5885001.523697784;-16.977
451959.15890403755;5885003.9399606865;-16.958
451959.5438748047;5885005.389718427;-17.0055
451960.313816339;5885008.28923391;-16.982
451960.5704635171;5885009.2557390705;-17.03325
451961.3404050514;5885012.155254553;-16.9565
451961.9820229967;5885014.571517455;-16.929
451962.3669937639;5885016.021275197;-16.903
451963.0086117091;5885018.4375380995;-16.9145
451963.3935824763;5885019.88729584;-16.83
451963.3935824763;5885019.88729584;-16.83
451963.3935824763;5885019.88729584;-16.83
451963.3935824763;5885019.88729584;-16.83
451963.3935824763;5885019.88729584;-16.83
451963.3935824763;5885019.88729584;-16.83
451963.3935824763;5885019.88729584;-16.83
451963.3935824763;5885019.88729584;-16.83
451963.3935824763;5885019.88729584;-16.83
451963.3935824763;5885019.88729584;-16.83
451963.3935824763;5885019.88729584;-16.83
451963.3935824763;5885019.88729584;-16.83
451963.3935824763;5885019.88729584;-16.83
451963.3935824763;5885019.88729584;-16.83
451963.3935824763;5885019.88729584;-16.83
451963.3935824763;5885019.88729584;-16.83
451963.3935824763;5885019.88729584;-16.83
451963.9857436425;5885021.797621769;-16.88
451964.7259451003;5885024.18552918;-17.0465
451965.17006597493;5885025.618273626;-16.6295
451965.6141868496;5885027.051018072;-16.5215
451965.5585851671;5885025.051791108;-16.9895
451965.5029834846;5885023.052564145;-17.156
451965.43348138145;5885020.55353044;-16.99325
451965.36397927837;5885018.054496735;-17.0685
451965.2944771752;5885015.55546303;-17.133000000000003
451965.25277591334;5885014.056042807;-17.197000000000003
451965.1832738102;5885011.557009103;-17.276
451965.1276721277;5885009.557782139;-17.3905
451965.05817002454;5885007.058748434;-17.5655
451964.9886679214;5885004.559714729;-17.671
451964.94696665957;5885003.060294506;-17.688
451964.93306623894;5885002.560487766;-17.688
451964.93306623894;5885002.560487766;-17.688
451964.780161612;5884997.062613615;-17.76475
451964.7106595089;5884994.56357991;-17.834249999999997
451964.65505782637;5884992.564352946;-17.8165
451964.5855557232;5884990.065319241;-17.7265
451964.5299540408;5884988.066092278;-17.713
451964.47435235826;5884986.066865314;-17.724
451964.41875067574;5884984.06763835;-17.767
451964.36314899323;5884982.068411387;-17.775
451964.2936468901;5884979.569377681;-17.782
451964.26584604883;5884978.5697642;-17.778
451962.2704847407;5884977.063599119;-17.7965
451960.67419569416;5884975.858667054;-17.7415
451960.67419569416;5884975.858667054;-17.7415
451957.0825453394;5884973.14756991;-16.9515
451956.28440081613;5884972.545103878;-16.750500000000002
451956.28440081613;5884972.545103878;-16.750500000000002
451956.28440081613;5884972.545103878;-16.750500000000002
451956.28440081613;5884972.545103878;-16.750500000000002
451956.28440081613;5884972.545103878;-16.750500000000002
451956.28440081613;5884972.545103878;-16.750500000000002
451956.28440081613;5884972.545103878;-16.750500000000002
451956.28440081613;5884972.545103878;-16.750500000000002
451956.28440081613;5884972.545103878;-16.750500000000002
451956.28440081613;5884972.545103878;-16.750500000000002
451956.28440081613;5884972.545103878;-16.750500000000002
451956.28440081613;5884972.545103878;-16.750500000000002
451956.28440081613;5884972.545103878;-16.750500000000002
451956.28440081613;5884972.545103878;-16.750500000000002
451956.28440081613;5884972.545103878;-16.750500000000002
451956.28440081613;5884972.545103878;-16.750500000000002
451956.28440081613;5884972.545103878;-16.750500000000002
451956.28440081613;5884972.545103878;-16.750500000000002
451956.28440081613;5884972.545103878;-16.750500000000002
451956.4235478168;5884971.554832141;-16.414
451956.77141531854;5884969.0791528;-16.60775
451956.9105623192;5884968.088881063;-16.786
451956.9105623192;5884968.088881063;-16.786
451955.4158399585;5884968.214599258;-15.637
451953.92111759784;5884968.340317453;-14.997
451951.4299136634;5884968.549847778;-15.23875
451948.44046894205;5884968.801284167;-15.3215
451946.94574658136;5884968.927002362;-15.26
451944.45454264694;5884969.136532687;-14.984
451941.96333871246;5884969.346063011;-14.799
451939.9703755649;5884969.513687271;-14.952
451939.47213477804;5884969.555593336;-14.9345
451939.47213477804;5884969.555593336;-14.9345
451939.47213477804;5884969.555593336;-14.9345
451939.47213477804;5884969.555593336;-14.9345
451939.47213477804;5884969.555593336;-14.9345
451939.47213477804;5884969.555593336;-14.9345
451939.47213477804;5884969.555593336;-14.9345
451939.47213477804;5884969.555593336;-14.9345
451939.47213477804;5884969.555593336;-14.9345
451939.47213477804;5884969.555593336;-14.9345
451939.47213477804;5884969.555593336;-14.9345
451939.47213477804;5884969.555593336;-14.9345
451939.47213477804;5884969.555593336;-14.9345
451939.47213477804;5884969.555593336;-14.9345
451939.47213477804;5884969.555593336;-14.9345
451939.47213477804;5884969.555593336;-14.9345
